
fast
512     670428  0       0       0       80      0       86233   0       1407    0       0       0       0       0
1024    623415  0       0       0       11      0       1450195 0       2038    0       0       0       0       0
2048    274286  0       0       0       2       0       290563  0       1253    0       0       0       0       0
4096    1861052 0       1866633 0       15972   0       16200306        0       31353   0       0       0       0       0
8192    739504  4459    19048512        351     60935   2549    2127526 4354952 60408   5434    1       0       0       0
16384   427711  5650    15466696        1151    49527   14906   9145314 1952271 84176   14290   1       0       0       0
32768   288486  11693   956391  8680    53926   24069   7186507 4267700 40454   28860   1670649 0       0       0
65536   230513  15983   520830  58022   104847  141267  1494457 7239913 259327  338915  1159655 0       0       0
131072  69070   23893   4102598 9668    829630  341853  3611999 1058440 347878  399842  902796  0       0       0
262144  0       0       0       0       0       0       0       0       0       0       782893  0       0       0
524288  0       0       0       0       0       0       0       0       0       0       635845  0       0       0
1048576 0       0       0       0       0       0       0       0       0       0       391881  0       0       0
2097152 0       0       0       0       0       0       0       0       0       0       189916  0       0       0
4194304 0       0       0       0       0       0       0       0       0       0       76943   0       0       0
8388608 0       0       0       0       0       0       0       0       0       0       29118   0       0       0
16777216        0       0       0       0       0       0       0       0       0       0       35573   0       0       0

nvme-CT1000P3SSD8_2237E665D487-part2
512     670428  0       0       0       80      0       86233   0       1407    0       0       0       0       0
1024    623415  0       0       0       11      0       1450195 0       2038    0       0       0       0       0
2048    274286  0       0       0       2       0       290563  0       1253    0       0       0       0       0
4096    1861052 0       1866633 0       15972   0       16200306        0       31353   0       0       0       0       0
8192    739504  4459    19048512        351     60935   2549    2127526 4354952 60408   5434    1       0       0       0
16384   427711  5650    15466696        1151    49527   14906   9145314 1952271 84176   14290   1       0       0       0
32768   288486  11693   956391  8680    53926   24069   7186507 4267700 40454   28860   1670649 0       0       0
65536   230513  15983   520830  58022   104847  141267  1494457 7239913 259327  338915  1159655 0       0       0
131072  69070   23893   4102598 9668    829630  341853  3611999 1058440 347878  399842  902796  0       0       0
262144  0       0       0       0       0       0       0       0       0       0       782893  0       0       0
524288  0       0       0       0       0       0       0       0       0       0       635845  0       0       0
1048576 0       0       0       0       0       0       0       0       0       0       391881  0       0       0
2097152 0       0       0       0       0       0       0       0       0       0       189916  0       0       0
4194304 0       0       0       0       0       0       0       0       0       0       76943   0       0       0
8388608 0       0       0       0       0       0       0       0       0       0       29118   0       0       0
16777216        0       0       0       0       0       0       0       0       0       0       35573   0       0       0

tank
512     0       0       0       0       0       0       0       0       0       0       0       0       0       0
1024    0       0       0       0       0       0       0       0       0       0       0       0       0       0
2048    0       0       0       0       0       0       0       0       0       0       0       0       0       0
4096    568295  0       1351364 0       147     0       6235208 0       444526  0       0       0       0       0
8192    3939    0       111     0       138     6       920404  1427730 213862  110237  0       0       0       0
16384   4504    0       0       0       626     15      555066  653773  247989  189553  0       0       0       0
32768   1052741 1       0       0       225471  45      16386432        775535  32577776        227044  512943  0       0       0
65536   1328    315     228     0       0       15792   39796   1569863 825     1103445 370113  0       0       0
131072  0       148     0       0       0       14309   0       915152  0       3142894 196259  0       0       0
262144  0       18      0       0       0       4694    0       1145724 0       1892058 95080   0       0       0
524288  0       3       0       0       0       1844    0       4750893 0       5214201 44543   0       0       0
1048576 0       0       0       0       0       0       0       58345   0       210883  21411   0       0       0
2097152 0       0       0       0       0       0       0       0       0       0       10151   0       0       0
4194304 0       0       0       0       0       0       0       0       0       0       4752    0       0       0
8388608 0       0       0       0       0       0       0       0       0       0       2228    0       0       0
16777216        0       0       0       0       0       0       0       0       0       0       24195   0       0       0

raidz1-0
512     0       0       0       0       0       0       0       0       0       0       0       0       0       0
1024    0       0       0       0       0       0       0       0       0       0       0       0       0       0
2048    0       0       0       0       0       0       0       0       0       0       0       0       0       0
4096    91075   0       846658  0       95      0       607024  0       216284  0       0       0       0       0
8192    209     0       75      0       102     6       280730  150073  132894  76336   0       0       0       0
16384   192     0       0       0       126     14      125671  200464  199467  137452  0       0       0       0
32768   1036056 0       0       0       224499  44      14851272        272532  32421416        159093  0       0       0       0
65536   64      315     132     0       0       15791   0       643514  0       905363  0       0       0       0
131072  0       148     0       0       0       14309   0       851819  0       3110096 0       0       0       0
262144  0       18      0       0       0       4694    0       1145724 0       1892058 0       0       0       0
524288  0       3       0       0       0       1844    0       4750893 0       5214201 0       0       0       0
1048576 0       0       0       0       0       0       0       58345   0       210883  0       0       0       0
2097152 0       0       0       0       0       0       0       0       0       0       0       0       0       0
4194304 0       0       0       0       0       0       0       0       0       0       0       0       0       0
8388608 0       0       0       0       0       0       0       0       0       0       0       0       0       0
16777216        0       0       0       0       0       0       0       0       0       0       0       0       0       0

ata-WDC_WD40EFRX-68N32N0_WD-WCC7K0LE673J
512     0       0       0       0       0       0       0       0       0       0       0       0       0       0
1024    0       0       0       0       0       0       0       0       0       0       0       0       0       0
2048    0       0       0       0       0       0       0       0       0       0       0       0       0       0
4096    1179    0       247879  0       31      0       194196  0       62132   0       0       0       0       0
8192    45      0       12      0       16      3       92024   43583   42200   21118   0       0       0       0
16384   58      0       0       0       39      5       30693   62240   70376   40823   0       0       0       0
32768   289333  0       0       0       66799   16      738733  81272   11176283        49904   0       0       0       0
65536   16      40      36      0       0       4814    0       186709  0       315090  0       0       0       0
131072  0       23      0       0       0       4255    0       263172  0       1057261 0       0       0       0
262144  0       2       0       0       0       1444    0       365721  0       671955  0       0       0       0
524288  0       1       0       0       0       574     0       1309391 0       1692084 0       0       0       0
1048576 0       0       0       0       0       0       0       15196   0       70937   0       0       0       0
2097152 0       0       0       0       0       0       0       0       0       0       0       0       0       0
4194304 0       0       0       0       0       0       0       0       0       0       0       0       0       0
8388608 0       0       0       0       0       0       0       0       0       0       0       0       0       0
16777216        0       0       0       0       0       0       0       0       0       0       0       0       0       0

ata-WDC_WD40EFRX-68N32N0_WD-WCC7K3LHL53P
512     0       0       0       0       0       0       0       0       0       0       0       0       0       0
1024    0       0       0       0       0       0       0       0       0       0       0       0       0       0
2048    0       0       0       0       0       0       0       0       0       0       0       0       0       0
4096    590     0       103020  0       6       0       45255   0       13962   0       0       0       0       0
8192    53      0       39      0       2       0       14937   22976   5821    7115    0       0       0       0
16384   29      0       0       0       17      1       34622   20505   0       13022   0       0       0       0
32768   195910  0       0       0       30497   1       12747323        32225   0       13086   0       0       0       0
65536   16      8       24      0       0       1935    0       94640   0       7930    0       0       0       0
131072  0       4       0       0       0       1714    0       98182   0       3729    0       0       0       0
262144  0       0       0       0       0       620     0       108812  0       3339    0       0       0       0
524288  0       0       0       0       0       178     0       795085  0       17537   0       0       0       0
1048576 0       0       0       0       0       0       0       11652   0       14479   0       0       0       0
2097152 0       0       0       0       0       0       0       0       0       0       0       0       0       0
4194304 0       0       0       0       0       0       0       0       0       0       0       0       0       0
8388608 0       0       0       0       0       0       0       0       0       0       0       0       0       0
16777216        0       0       0       0       0       0       0       0       0       0       0       0       0       0

ata-WDC_WD40EFRX-68N32N0_WD-WCC7K3ZX6HZU
512     0       0       0       0       0       0       0       0       0       0       0       0       0       0
1024    0       0       0       0       0       0       0       0       0       0       0       0       0       0
2048    0       0       0       0       0       0       0       0       0       0       0       0       0       0
4096    939     0       247879  0       38      0       175260  0       69648   0       0       0       0       0
8192    51      0       12      0       31      3       81014   39907   43997   24011   0       0       0       0
16384   58      0       0       0       43      5       30166   57272   71777   45143   0       0       0       0
32768   275614  0       0       0       63098   16      674153  81838   11431505        53464   0       0       0       0
65536   16      226     36      0       0       4501    0       184149  0       333642  0       0       0       0
131072  0       104     0       0       0       4153    0       244124  0       1065508 0       0       0       0
262144  0       14      0       0       0       1302    0       332136  0       671544  0       0       0       0
524288  0       1       0       0       0       548     0       1325097 0       1676523 0       0       0       0
1048576 0       0       0       0       0       0       0       15788   0       69681   0       0       0       0
2097152 0       0       0       0       0       0       0       0       0       0       0       0       0       0
4194304 0       0       0       0       0       0       0       0       0       0       0       0       0       0
8388608 0       0       0       0       0       0       0       0       0       0       0       0       0       0
16777216        0       0       0       0       0       0       0       0       0       0       0       0       0       0

ata-WDC_WD40EFRX-68N32N0_WD-WCC7K6XXCSYZ
512     0       0       0       0       0       0       0       0       0       0       0       0       0       0
1024    0       0       0       0       0       0       0       0       0       0       0       0       0       0
2048    0       0       0       0       0       0       0       0       0       0       0       0       0       0
4096    88367   0       247880  0       20      0       192313  0       70542   0       0       0       0       0
8192    60      0       12      0       53      0       92755   43607   40876   24092   0       0       0       0
16384   47      0       0       0       27      3       30190   60447   57314   38464   0       0       0       0
32768   275199  0       0       0       64105   11      691063  77197   9813628 42639   0       0       0       0
65536   16      41      36      0       0       4541    0       178016  0       248701  0       0       0       0
131072  0       17      0       0       0       4187    0       246341  0       983598  0       0       0       0
262144  0       2       0       0       0       1328    0       339055  0       545220  0       0       0       0
524288  0       1       0       0       0       544     0       1321320 0       1828057 0       0       0       0
1048576 0       0       0       0       0       0       0       15709   0       55786   0       0       0       0
2097152 0       0       0       0       0       0       0       0       0       0       0       0       0       0
4194304 0       0       0       0       0       0       0       0       0       0       0       0       0       0
8388608 0       0       0       0       0       0       0       0       0       0       0       0       0       0
16777216        0       0       0       0       0       0       0       0       0       0       0       0       0       0


mirror-1
512     0       0       0       0       0       0       0       0       0       0       0       0       0       0
1024    0       0       0       0       0       0       0       0       0       0       0       0       0       0
2048    0       0       0       0       0       0       0       0       0       0       0       0       0       0
4096    477220  0       495760  0       52      0       5628184 0       228242  0       0       0       0       0
8192    3712    0       18      0       36      0       639674  1277657 80968   33901   0       0       0       0
16384   4312    0       0       0       500     1       429395  453309  48522   52101   0       0       0       0
32768   16685   1       0       0       972     1       1535160 503003  156360  67951   512925  0       0       0
65536   1240    0       48      0       0       1       39796   926349  825     198082  370109  0       0       0
131072  0       0       0       0       0       0       0       63333   0       32798   196259  0       0       0
262144  0       0       0       0       0       0       0       0       0       0       95080   0       0       0
524288  0       0       0       0       0       0       0       0       0       0       44541   0       0       0
1048576 0       0       0       0       0       0       0       0       0       0       21411   0       0       0
2097152 0       0       0       0       0       0       0       0       0       0       10151   0       0       0
4194304 0       0       0       0       0       0       0       0       0       0       4752    0       0       0
8388608 0       0       0       0       0       0       0       0       0       0       2228    0       0       0
16777216        0       0       0       0       0       0       0       0       0       0       19417   0       0       0

ata-CT1000BX500SSD1_2216E6299C92-part1
512     0       0       0       0       0       0       0       0       0       0       0       0       0       0
1024    0       0       0       0       0       0       0       0       0       0       0       0       0       0
2048    0       0       0       0       0       0       0       0       0       0       0       0       0       0
4096    286056  0       247880  0       26      0       2859623 0       68245   0       0       0       0       0
8192    1981    0       9       0       19      0       325028  657673  27129   9719    0       0       0       0
16384   2114    0       0       0       227     0       222124  227246  11446   19616   0       0       0       0
32768   8127    0       0       0       493     0       792703  249414  44507   29495   256482  0       0       0
65536   658     0       24      0       0       0       20110   449797  395     112837  185069  0       0       0
131072  0       0       0       0       0       0       0       29494   0       22886   98145   0       0       0
262144  0       0       0       0       0       0       0       0       0       0       47546   0       0       0
524288  0       0       0       0       0       0       0       0       0       0       22274   0       0       0
1048576 0       0       0       0       0       0       0       0       0       0       10705   0       0       0
2097152 0       0       0       0       0       0       0       0       0       0       5075    0       0       0
4194304 0       0       0       0       0       0       0       0       0       0       2377    0       0       0
8388608 0       0       0       0       0       0       0       0       0       0       1114    0       0       0
16777216        0       0       0       0       0       0       0       0       0       0       9709    0       0       0

ata-Samsung_SSD_870_EVO_1TB_S75CNX0Y903459M-part1
512     0       0       0       0       0       0       0       0       0       0       0       0       0       0
1024    0       0       0       0       0       0       0       0       0       0       0       0       0       0
2048    0       0       0       0       0       0       0       0       0       0       0       0       0       0
4096    191164  0       247880  0       26      0       2768561 0       159997  0       0       0       0       0
8192    1731    0       9       0       17      0       314646  619984  53839   24182   0       0       0       0
16384   2198    0       0       0       273     1       207271  226063  37076   32485   0       0       0       0
32768   8558    1       0       0       479     1       742457  253589  111853  38456   256443  0       0       0
65536   582     0       24      0       0       1       19686   476552  430     85245   185040  0       0       0
131072  0       0       0       0       0       0       0       33839   0       9912    98114   0       0       0
262144  0       0       0       0       0       0       0       0       0       0       47534   0       0       0
524288  0       0       0       0       0       0       0       0       0       0       22267   0       0       0
1048576 0       0       0       0       0       0       0       0       0       0       10706   0       0       0
2097152 0       0       0       0       0       0       0       0       0       0       5076    0       0       0
4194304 0       0       0       0       0       0       0       0       0       0       2375    0       0       0
8388608 0       0       0       0       0       0       0       0       0       0       1114    0       0       0
16777216        0       0       0       0       0       0       0       0       0       0       9708    0       0       0


mirror-2
512     0       0       0       0       0       0       0       0       0       0       0       0       0       0
1024    0       0       0       0       0       0       0       0       0       0       0       0       0       0
2048    0       0       0       0       0       0       0       0       0       0       0       0       0       0
4096    0       0       8946    0       0       0       0       0       0       0       0       0       0       0
8192    18      0       18      0       0       0       0       0       0       0       0       0       0       0
16384   0       0       0       0       0       0       0       0       0       0       0       0       0       0
32768   0       0       0       0       0       0       0       0       0       0       18      0       0       0
65536   24      0       48      0       0       0       0       0       0       0       4       0       0       0
131072  0       0       0       0       0       0       0       0       0       0       0       0       0       0
262144  0       0       0       0       0       0       0       0       0       0       0       0       0       0
524288  0       0       0       0       0       0       0       0       0       0       2       0       0       0
1048576 0       0       0       0       0       0       0       0       0       0       0       0       0       0
2097152 0       0       0       0       0       0       0       0       0       0       0       0       0       0
4194304 0       0       0       0       0       0       0       0       0       0       0       0       0       0
8388608 0       0       0       0       0       0       0       0       0       0       0       0       0       0
16777216        0       0       0       0       0       0       0       0       0       0       4778    0       0       0

ata-CT1000BX500SSD1_2216E6299C92-part2
512     0       0       0       0       0       0       0       0       0       0       0       0       0       0
1024    0       0       0       0       0       0       0       0       0       0       0       0       0       0
2048    0       0       0       0       0       0       0       0       0       0       0       0       0       0
4096    0       0       4473    0       0       0       0       0       0       0       0       0       0       0
8192    9       0       9       0       0       0       0       0       0       0       0       0       0       0
16384   0       0       0       0       0       0       0       0       0       0       0       0       0       0
32768   0       0       0       0       0       0       0       0       0       0       9       0       0       0
65536   12      0       24      0       0       0       0       0       0       0       2       0       0       0
131072  0       0       0       0       0       0       0       0       0       0       0       0       0       0
262144  0       0       0       0       0       0       0       0       0       0       0       0       0       0
524288  0       0       0       0       0       0       0       0       0       0       1       0       0       0
1048576 0       0       0       0       0       0       0       0       0       0       0       0       0       0
2097152 0       0       0       0       0       0       0       0       0       0       0       0       0       0
4194304 0       0       0       0       0       0       0       0       0       0       0       0       0       0
8388608 0       0       0       0       0       0       0       0       0       0       0       0       0       0
16777216        0       0       0       0       0       0       0       0       0       0       2389    0       0       0

ata-Samsung_SSD_870_EVO_1TB_S75CNX0Y903459M-part2
512     0       0       0       0       0       0       0       0       0       0       0       0       0       0
1024    0       0       0       0       0       0       0       0       0       0       0       0       0       0
2048    0       0       0       0       0       0       0       0       0       0       0       0       0       0
4096    0       0       4473    0       0       0       0       0       0       0       0       0       0       0
8192    9       0       9       0       0       0       0       0       0       0       0       0       0       0
16384   0       0       0       0       0       0       0       0       0       0       0       0       0       0
32768   0       0       0       0       0       0       0       0       0       0       9       0       0       0
65536   12      0       24      0       0       0       0       0       0       0       2       0       0       0
131072  0       0       0       0       0       0       0       0       0       0       0       0       0       0
262144  0       0       0       0       0       0       0       0       0       0       0       0       0       0
524288  0       0       0       0       0       0       0       0       0       0       1       0       0       0
1048576 0       0       0       0       0       0       0       0       0       0       0       0       0       0
2097152 0       0       0       0       0       0       0       0       0       0       0       0       0       0
4194304 0       0       0       0       0       0       0       0       0       0       0       0       0       0
8388608 0       0       0       0       0       0       0       0       0       0       0       0       0       0
16777216        0       0       0       0       0       0       0       0       0       0       2389    0       0       0


ata-CT1000BX500SSD1_2216E6299C92-part3
512     0       0       0       0       0       0       0       0       0       0       0       0       0       0
1024    0       0       0       0       0       0       0       0       0       0       0       0       0       0
2048    0       0       0       0       0       0       0       0       0       0       0       0       0       0
4096    623752  0       0       0       83      0       261773  0       48844   0       0       0       0       0
8192    2026    5       3       0       104     0       35208   5291    8926    7132    0       0       0       0
16384   3066    11      0       0       376     7       32843   5467    5542    12191   0       0       0       0
32768   10205   8       0       0       587     2       76785   8785    24447   13470   0       0       0       0
65536   461     10      4       0       21      0       235898  17020   0       11078   0       0       0       0
131072  431360  1       0       0       471267  0       15548952        1823    0       1826    0       0       0       0
262144  0       0       0       0       0       0       0       0       0       0       0       0       0       0
524288  0       0       0       0       0       0       0       0       0       0       0       0       0       0
1048576 0       0       0       0       0       0       0       0       0       0       0       0       0       0
2097152 0       0       0       0       0       0       0       0       0       0       0       0       0       0
4194304 0       0       0       0       0       0       0       0       0       0       0       0       0       0
8388608 0       0       0       0       0       0       0       0       0       0       0       0       0       0
16777216        0       0       0       0       0       0       0       0       0       0       0       0       0       0

ata-Samsung_SSD_870_EVO_1TB_S75CNX0Y903459M-part3
512     0       0       0       0       0       0       0       0       0       0       0       0       0       0
1024    0       0       0       0       0       0       0       0       0       0       0       0       0       0
2048    0       0       0       0       0       0       0       0       0       0       0       0       0       0
4096    756189  0       0       0       101     0       257471  0       63192   0       0       0       0       0
8192    1220    4       3       0       88      1       33961   5126    10375   8434    0       0       0       0
16384   2778    10      0       0       535     5       32608   5013    5037    14983   0       0       0       0
32768   9863    6       0       0       593     4       77062   8411    22736   16335   0       0       0       0
65536   477     10      4       0       12      0       234726  17667   0       12214   0       0       0       0
131072  398270  1       0       0       499567  0       15493763        2421    0       1717    0       0       0       0
262144  0       0       0       0       0       0       0       0       0       0       0       0       0       0
524288  0       0       0       0       0       0       0       0       0       0       0       0       0       0
1048576 0       0       0       0       0       0       0       0       0       0       0       0       0       0
2097152 0       0       0       0       0       0       0       0       0       0       0       0       0       0
4194304 0       0       0       0       0       0       0       0       0       0       0       0       0       0
8388608 0       0       0       0       0       0       0       0       0       0       0       0       0       0
16777216        0       0       0       0       0       0       0       0       0       0       0       0       0       0