fast    196029517824    800402894848    5       61      270396  2100071 0       0       0       0       0       0       0       0       0       0       0       0       0       0
nvme-CT1000P3SSD8_2237E665D487-part2    196029517824    800402894848    5       61      270396  2100071 0       0       0       0       0       0       0       0       0       0       0       0       0       0
tank    5477864845312   10943942610944  30      23      5302676 3953953 0       0       0       0       0       0       0       0       0       0       0       0       0       0
raidz1-0        5467110735872   10527347474432  29      15      5276302 3796600 0       0       0       0       0       0       0       0       0       0       0       0       0       0
ata-WDC_WD40EFRX-68N32N0_WD-WCC7K0LE673J        0       0       9       2       1755028 970309  0       0       0       0       0       0       0       0       0       0       0       0       0       0
ata-WDC_WD40EFRX-68N32N0_WD-WCC7K3LHL53P        0       0       0       9       29567   886049  0       0       0       0       0       0       0       0       0       0       0       0       0       0
ata-WDC_WD40EFRX-68N32N0_WD-WCC7K3ZX6HZU        0       0       10      2       1753795 970312  0       0       0       0       0       0       0       0       0       0       0       0       0       0
ata-WDC_WD40EFRX-68N32N0_WD-WCC7K6XXCSYZ        0       0       9       2       1737911 969928  0       0       0       0       0       0       0       0       0       0       0       0       0       0

mirror-1        10754109440     416595136512    0       7       26372   157326  0       0       0       0       0       0       0       0       0       0       0       0       0       0
ata-CT1000BX500SSD1_2216E6299C92-part1  0       0       0       3       13365   78663   0       0       0       0       0       0       0       0       0       0       0       0       0       0
ata-Samsung_SSD_870_EVO_1TB_S75CNX0Y903459M-part1       0       0       0       3       13006   78663   0       0       0       0       0       0       0       0       0       0       0       0       0       0

mirror-2        4096    106837307392    0       0       1       26      0       0       0       0       0       0       0       0       0       0       0       0       0       0
ata-CT1000BX500SSD1_2216E6299C92-part2  0       0       0       0       0       13      0       0       0       0       0       0       0       0       0       0       0       0       0       0
ata-Samsung_SSD_870_EVO_1TB_S75CNX0Y903459M-part2       0       0       0       0       0       13      0       0       0       0       0       0       0       0       0       0       0       0       0       0

ata-CT1000BX500SSD1_2216E6299C92-part3  406472536064    56854921216     1       10      75169   1310223 0       0       0       0       0       0       0       0       0       0       0       0       0       0
ata-Samsung_SSD_870_EVO_1TB_S75CNX0Y903459M-part3       405557411840    57770045440     1       10      75131   1305190 0       0       0       0       0       0       0       0       0       0       0       0       0       0