
fast
1       0       0       0       0       0       0       0       0       0       0       0
3       0       0       0       0       0       0       0       0       0       0       0
7       0       0       0       0       0       0       0       0       0       0       0
15      0       0       0       0       0       0       0       0       0       0       0
31      0       0       0       0       0       0       0       0       0       0       0
63      0       0       0       0       0       0       0       0       0       0       0
127     0       0       0       0       0       0       0       0       0       0       0
255     0       0       0       0       0       0       0       0       0       0       0
511     0       0       0       0       2446276 1465313 195372  1718838 330     5834    0
1023    0       0       0       0       1990693 25105793        385842  6295576 552     67476   0
2047    0       0       0       0       227653  7941440 11647   1301067 20      2201    0
4095    0       0       0       0       17479   482455  1889    1146222 10      67      0
8191    0       0       0       0       5409    38411   998     2067010 21      67      0
16383   290     1522699 380     11444799        4766    7436    1131    4864717 29      4       0
32767   37407   20674313        37517   32051240        8412    4280    2175    6200272 43      3       0
65535   33043   21058657        37673   22684894        15042   6983    4335    7256399 95      3       0
131071  1118743 11145815        1152797 6713107 26601   11172   8642    7302302 242     5       0
262143  2823615 8348756 3120960 2801066 40236   20944   15540   4714239 395     11      0
524287  659481  8748886 1052624 4325176 58922   40909   23681   4784791 561     24      0
1048575 507958  4678469 2278050 1042704 23226   63535   33840   3130856 735     26      0
2097151 240630  8417056 249268  6523808 35899   103949  48464   1685702 1010    30991   0
4194303 236318  3588330 219604  2343334 33405   207325  60079   1255758 2255    31536   0
8388607 152070  1418794 81170   605426  24947   227609  72729   645149  3982    88840   0
16777215        127887  896962  12663   1491656 12448   122866  96921   369802  5356    4574374 0
33554431        696510  211462  4295    3010142 9402    46797   152296  120373  568790  663551  0
67108863        1100113 115344  366     1272687 3657    28835   194156  101501  861664  62606   0
134217727       297496  286468  45      21626   2654    27474   140822  310047  148800  42106   0
268435455       60568   586490  3       1513    3968    28514   45634   515610  10864   3535    0
536870911       104865  748348  1       182     7231    42200   89559   748220  7722    133     0
1073741823      45793   699492  0       23      6840    68221   36774   545592  1664    0       0
2147483647      4293    204422  0       12      137     120091  3935    61520   180     0       0
4294967295      189     246103  0       17      0       241583  17      4069    171     0       0
8589934591      145     430143  0       0       0       429411  0       177     144     0       0
17179869183     0       700003  0       0       0       699197  0       137     0       0       0
34359738367     0       925725  0       0       0       924759  0       119     0       0       0
68719476735     0       557486  0       0       0       556768  0       13      0       0       0
137438953471    0       123188  0       0       0       123067  0       0       0       0       0

nvme-CT1000P3SSD8_2237E665D487-part2
1       0       0       0       0       0       0       0       0       0       0       0
3       0       0       0       0       0       0       0       0       0       0       0
7       0       0       0       0       0       0       0       0       0       0       0
15      0       0       0       0       0       0       0       0       0       0       0
31      0       0       0       0       0       0       0       0       0       0       0
63      0       0       0       0       0       0       0       0       0       0       0
127     0       0       0       0       0       0       0       0       0       0       0
255     0       0       0       0       0       0       0       0       0       0       0
511     0       0       0       0       2446276 1465313 195372  1718838 330     5834    0
1023    0       0       0       0       1990693 25105793        385842  6295576 552     67476   0
2047    0       0       0       0       227653  7941440 11647   1301067 20      2201    0
4095    0       0       0       0       17479   482455  1889    1146222 10      67      0
8191    0       0       0       0       5409    38411   998     2067010 21      67      0
16383   290     1522699 380     11444799        4766    7436    1131    4864717 29      4       0
32767   37407   20674313        37517   32051240        8412    4280    2175    6200272 43      3       0
65535   33043   21058657        37673   22684894        15042   6983    4335    7256399 95      3       0
131071  1118743 11145815        1152797 6713107 26601   11172   8642    7302302 242     5       0
262143  2823615 8348756 3120960 2801066 40236   20944   15540   4714239 395     11      0
524287  659481  8748886 1052624 4325176 58922   40909   23681   4784791 561     24      0
1048575 507958  4678469 2278050 1042704 23226   63535   33840   3130856 735     26      0
2097151 240630  8417056 249268  6523808 35899   103949  48464   1685702 1010    30991   0
4194303 236318  3588330 219604  2343334 33405   207325  60079   1255758 2255    31536   0
8388607 152070  1418794 81170   605426  24947   227609  72729   645149  3982    88840   0
16777215        127887  896962  12663   1491656 12448   122866  96921   369802  5356    4574374 0
33554431        696510  211462  4295    3010142 9402    46797   152296  120373  568790  663551  0
67108863        1100113 115344  366     1272687 3657    28835   194156  101501  861664  62606   0
134217727       297496  286468  45      21626   2654    27474   140822  310047  148800  42106   0
268435455       60568   586490  3       1513    3968    28514   45634   515610  10864   3535    0
536870911       104865  748348  1       182     7231    42200   89559   748220  7722    133     0
1073741823      45793   699492  0       23      6840    68221   36774   545592  1664    0       0
2147483647      4293    204422  0       12      137     120091  3935    61520   180     0       0
4294967295      189     246103  0       17      0       241583  17      4069    171     0       0
8589934591      145     430143  0       0       0       429411  0       177     144     0       0
17179869183     0       700003  0       0       0       699197  0       137     0       0       0
34359738367     0       925725  0       0       0       924759  0       119     0       0       0
68719476735     0       557486  0       0       0       556768  0       13      0       0       0
137438953471    0       123188  0       0       0       123067  0       0       0       0       0

tank
1       0       0       0       0       0       0       0       0       0       0       0
3       0       0       0       0       0       0       0       0       0       0       0
7       0       0       0       0       0       0       0       0       0       0       0
15      0       0       0       0       0       0       0       0       0       0       0
31      0       0       0       0       0       0       0       0       0       0       0
63      0       0       0       0       0       0       0       0       0       0       0
127     0       0       0       0       0       0       0       0       0       0       0
255     0       0       0       0       2       5       0       0       0       10      0
511     0       0       0       0       673823  1138274 87241   1132551 25276535        14592   0
1023    0       0       0       0       832844  146550  57473   3133375 6460438 33838   0
2047    0       0       0       0       88198   12627   9586    1058315 295911  8630    0
4095    0       0       0       0       3278    6911    764     186452  145883  292     0
8191    0       0       0       0       1135    2217    370     147107  79766   44      0
16383   0       0       0       0       250     877     666     317255  162899  8       0
32767   5992    27170   7438    205409  74      354     1602    792772  451916  2       0
65535   175494  2177299 185954  5119590 27      136     4482    1485852 970515  10      0
131071  12402782        2610787 12635229        2619348 20      14      7033    1972539 3165268 15      0
262143  17940233        3673291 17976516        14198662        7       0       3202    2529073 1148724 244     0
524287  2804322 3165627 3015756 2478817 6       0       1517    1930975 856347  46524   0
1048575 2189790 2531734 2508699 2124310 3       0       956     1415911 289420  51914   0
2097151 2682898 2871340 2488211 2351568 3       0       1202    1200781 305653  178253  0
4194303 1063111 960441  1147311 1665103 17      0       2923    509899  463924  810291  0
8388607 1191085 725715  1576794 1393353 25      0       7510    823483  496899  74545   0
16777215        1341471 690577  2051081 2815460 42      0       14998   1043597 397915  9698    0
33554431        994122  2113242 3746174 1173144 46      0       13290   1416779 655063  5140    0
67108863        1265366 1874899 62795   114432  40      0       8439    1324025 1224656 4057    0
134217727       3066541 3225949 11595   7938    26      0       5132    3093100 2500838 4816    0
268435455       206266  9569162 1165    444     134     0       2666    9404898 153805  253     0
536870911       62203   53830   116     6627    552     0       3962    44605   54954   6       0
1073741823      22210   2965    24      6       842     0       3172    2738    17053   0       0
2147483647      919     130     9       0       0       0       0       123     846     0       0
4294967295      5       49      11      15      0       0       0       39      0       0       0
8589934591      16      15      4       4       0       0       0       11      13      0       0
17179869183     23      10      0       0       0       0       0       8       24      0       0
34359738367     17      0       0       0       0       0       0       0       16      0       0
68719476735     12      0       0       0       0       0       0       0       12      0       0
137438953471    0       0       0       0       0       0       0       0       0       0       0

raidz1-0
1       0       0       0       0       0       0       0       0       0       0       0
3       0       0       0       0       0       0       0       0       0       0       0
7       0       0       0       0       0       0       0       0       0       0       0
15      0       0       0       0       0       0       0       0       0       0       0
31      0       0       0       0       0       0       0       0       0       0       0
63      0       0       0       0       0       0       0       0       0       0       0
127     0       0       0       0       0       0       0       0       0       0       0
255     0       0       0       0       2       2       0       0       0       0       0
511     0       0       0       0       506531  714564  87171   266183  25096823        0       0
1023    0       0       0       0       522604  94379   56544   1353253 6356888 0       0
2047    0       0       0       0       71817   8712    9114    642034  292852  0       0
4095    0       0       0       0       2971    1545    714     75155   142163  0       0
8191    0       0       0       0       874     865     367     38678   73751   0       0
16383   0       0       0       0       224     417     666     80428   151224  0       0
32767   0       0       0       0       70      114     1600    183701  426916  0       0
65535   44754   0       46251   1       24      17      4479    391727  944422  0       0
131071  11963719        346495  12172739        402382  17      8       7031    704649  3124188 0       0
262143  17735122        1312848 17664909        11730907        4       0       3199    1002990 1110342 0       0
524287  2688099 1247660 2771576 1529807 6       0       1517    648504  831269  0       0
1048575 2130221 1251944 2307658 1913668 3       0       956     613871  270930  0       0
2097151 2653435 2132061 2461729 2148284 3       0       1202    773266  290258  0       0
4194303 1043988 719189  1147164 1619838 17      0       2923    336939  446993  0       0
8388607 1167647 314370  1574183 1291851 25      0       7510    532775  477030  0       0
16777215        1314487 610727  2051003 2784307 42      0       14998   990421  371132  0       0
33554431        920712  2061701 3746158 1146118 46      0       13290   1383831 576264  0       0
67108863        1175865 1845475 62786   102990  40      0       8439    1306027 1140684 0       0
134217727       2919384 3218266 11590   6558    26      0       5132    3088298 2354563 0       0
268435455       183781  9566878 1165    118     134     0       2666    9403490 131458  0       0
536870911       54661   52920   116     6585    552     0       3962    43882   47434   0       0
1073741823      22204   2740    24      6       842     0       3172    2566    17047   0       0
2147483647      919     101     9       0       0       0       0       99      846     0       0
4294967295      5       36      11      15      0       0       0       27      0       0       0
8589934591      16      15      4       4       0       0       0       11      13      0       0
17179869183     23      10      0       0       0       0       0       8       24      0       0
34359738367     17      0       0       0       0       0       0       0       16      0       0
68719476735     12      0       0       0       0       0       0       0       12      0       0
137438953471    0       0       0       0       0       0       0       0       0       0       0

ata-WDC_WD40EFRX-68N32N0_WD-WCC7K0LE673J
1       0       0       0       0       0       0       0       0       0       0       0
3       0       0       0       0       0       0       0       0       0       0       0
7       0       0       0       0       0       0       0       0       0       0       0
15      0       0       0       0       0       0       0       0       0       0       0
31      0       0       0       0       0       0       0       0       0       0       0
63      0       0       0       0       0       0       0       0       0       0       0
127     0       0       0       0       0       0       0       0       0       0       0
255     0       0       0       0       2       1       0       0       0       0       0
511     0       0       0       0       159212  185817  26080   81590   8055763 0       0
1023    0       0       0       0       110120  43495   15561   408965  2756440 0       0
2047    0       0       0       0       13226   8506    2615    197518  114377  0       0
4095    0       0       0       0       676     1016    264     23543   71199   0       0
8191    0       0       0       0       200     279     96      12670   27732   0       0
16383   0       0       0       0       53      45      178     27156   55225   0       0
32767   0       0       0       0       11      12      452     62252   150487  0       0
65535   16640   0       17273   0       5       6       1349    130596  350756  0       0
131071  4513946 116282  4628347 125190  6       3       2171    226548  1062510 0       0
262143  5841408 371953  5768025 446859  1       0       1013    295423  402901  0       0
524287  850812  367462  879004  439315  1       0       491     186921  259672  0       0
1048575 728034  380267  792515  523071  1       0       280     177765  83397   0       0
2097151 920461  653408  849019  564202  3       0       380     215455  88489   0       0
4194303 323935  205027  350894  325048  5       0       831     91351   136256  0       0
8388607 347936  86553   473416  198640  8       0       2151    155796  143104  0       0
16777215        376340  168566  667211  618523  12      0       4494    279535  115161  0       0
33554431        280545  579786  1170201 329708  12      0       3971    368586  186151  0       0
67108863        370743  436549  23458   23745   12      0       2722    263097  358445  0       0
134217727       956889  196462  3820    1110    9       0       1788    125401  782748  0       0
268435455       70743   26714   332     5       32      0       1122    21601   47356   0       0
536870911       17946   7592    38      1289    45      0       1144    5702    15750   0       0
1073741823      6827    84      6       0       43      0       547     53      5917    0       0
2147483647      356     0       3       0       0       0       0       0       327     0       0
4294967295      0       0       0       0       0       0       0       0       0       0       0
8589934591      0       0       0       0       0       0       0       0       0       0       0
17179869183     0       0       0       0       0       0       0       0       0       0       0
34359738367     0       0       0       0       0       0       0       0       0       0       0
68719476735     0       0       0       0       0       0       0       0       0       0       0
137438953471    0       0       0       0       0       0       0       0       0       0       0

ata-WDC_WD40EFRX-68N32N0_WD-WCC7K3LHL53P
1       0       0       0       0       0       0       0       0       0       0       0
3       0       0       0       0       0       0       0       0       0       0       0
7       0       0       0       0       0       0       0       0       0       0       0
15      0       0       0       0       0       0       0       0       0       0       0
31      0       0       0       0       0       0       0       0       0       0       0
63      0       0       0       0       0       0       0       0       0       0       0
127     0       0       0       0       0       0       0       0       0       0       0
255     0       0       0       0       0       1       0       0       0       0       0
511     0       0       0       0       52952   91125   11712   15928   7497    0       0
1023    0       0       0       0       119577  11763   10443   198014  5960    0       0
2047    0       0       0       0       22882   38      2052    94248   523     0       0
4095    0       0       0       0       896     23      138     7800    367     0       0
8191    0       0       0       0       188     78      81      2632    675     0       0
16383   0       0       0       0       51      35      155     4344    1566    0       0
32767   0       0       0       0       15      14      374     9198    4588    0       0
65535   344     0       348     0       2       5       760     20421   11476   0       0
131071  5650    35316   8832    64316   4       1       1012    63356   14633   0       0
262143  70129   210048  77150   10408632        2       0       410     149791  7502    0       0
524287  30566   203218  27669   277796  0       0       177     100368  3053    0       0
1048575 11342   165717  6345    425325  2       0       120     104044  1060    0       0
2097151 6090    257270  7247    517512  0       0       154     141968  1276    0       0
4194303 17499   124888  19695   660404  3       0       455     70028   2003    0       0
8388607 38212   64274   42648   697644  6       0       1158    77637   3140    0       0
16777215        66186   139474  85520   895985  5       0       2346    166087  3200    0       0
33554431        42877   319268  46246   149350  11      0       2169    256762  6018    0       0
67108863        20680   512409  7834    28716   6       0       956     506022  10381   0       0
134217727       21259   2588304 1830    2233    5       0       241     2676315 14949   0       0
268435455       643     9478736 192     91      2       0       51      9332757 88      0       0
536870911       46      27837   26      1270    1       0       7       26011   0       0       0
1073741823      3       2373    2       4       0       0       0       2336    0       0       0
2147483647      2       101     2       0       0       0       0       99      0       0       0
4294967295      5       36      11      15      0       0       0       27      0       0       0
8589934591      16      15      4       4       0       0       0       11      13      0       0
17179869183     23      10      0       0       0       0       0       8       24      0       0
34359738367     17      0       0       0       0       0       0       0       16      0       0
68719476735     12      0       0       0       0       0       0       0       12      0       0
137438953471    0       0       0       0       0       0       0       0       0       0       0

ata-WDC_WD40EFRX-68N32N0_WD-WCC7K3ZX6HZU
1       0       0       0       0       0       0       0       0       0       0       0
3       0       0       0       0       0       0       0       0       0       0       0
7       0       0       0       0       0       0       0       0       0       0       0
15      0       0       0       0       0       0       0       0       0       0       0
31      0       0       0       0       0       0       0       0       0       0       0
63      0       0       0       0       0       0       0       0       0       0       0
127     0       0       0       0       0       0       0       0       0       0       0
255     0       0       0       0       0       0       0       0       0       0       0
511     0       0       0       0       171304  216945  26763   81725   9430389 0       0
1023    0       0       0       0       92195   21665   14034   358282  1712980 0       0
2047    0       0       0       0       4846    92      1293    177745  81263   0       0
4095    0       0       0       0       127     106     92      22605   34116   0       0
8191    0       0       0       0       175     188     101     11525   23113   0       0
16383   0       0       0       0       39      150     157     24245   54013   0       0
32767   0       0       0       0       11      30      371     55311   173846  0       0
65535   17043   0       17621   0       5       3       1121    119087  347525  0       0
131071  4877715 91509   4935642 99924   3       1       1998    207350  1080607 0       0
262143  5748800 362100  5734848 431095  1       0       922     277468  409863  0       0
524287  862033  333783  887016  400700  4       0       434     177459  259164  0       0
1048575 742230  336531  811495  465516  0       0       290     164964  80253   0       0
2097151 919121  614674  846106  541590  0       0       350     206282  84966   0       0
4194303 322991  196170  352325  320728  4       0       727     88557   131386  0       0
8388607 344564  83225   465624  199118  6       0       2073    152400  136442  0       0
16777215        369689  154731  623999  636081  13      0       4202    271971  106474  0       0
33554431        253312  582329  1199791 331854  14      0       3292    378173  173657  0       0
67108863        354229  445583  14145   25158   8       0       1887    268257  360627  0       0
134217727       996812  215336  2923    1485    8       0       1344    142294  810801  0       0
268435455       55100   30510   335     12      80      0       724     24340   42372   0       0
536870911       19498   8698    26      2074    448     0       1327    6020    16946   0       0
1073741823      8527    157     8       0       731     0       1939    95      5416    0       0
2147483647      242     0       2       0       0       0       0       0       222     0       0
4294967295      0       0       0       0       0       0       0       0       0       0       0
8589934591      0       0       0       0       0       0       0       0       0       0       0
17179869183     0       0       0       0       0       0       0       0       0       0       0
34359738367     0       0       0       0       0       0       0       0       0       0       0
68719476735     0       0       0       0       0       0       0       0       0       0       0
137438953471    0       0       0       0       0       0       0       0       0       0       0

ata-WDC_WD40EFRX-68N32N0_WD-WCC7K6XXCSYZ
1       0       0       0       0       0       0       0       0       0       0       0
3       0       0       0       0       0       0       0       0       0       0       0
7       0       0       0       0       0       0       0       0       0       0       0
15      0       0       0       0       0       0       0       0       0       0       0
31      0       0       0       0       0       0       0       0       0       0       0
63      0       0       0       0       0       0       0       0       0       0       0
127     0       0       0       0       0       0       0       0       0       0       0
255     0       0       0       0       0       0       0       0       0       0       0
511     0       0       0       0       123063  220677  22616   86940   7603174 0       0
1023    0       0       0       0       200712  17456   16506   387992  1881508 0       0
2047    0       0       0       0       30863   76      3154    172523  96689   0       0
4095    0       0       0       0       1272    400     220     21207   36481   0       0
8191    0       0       0       0       311     320     89      11851   22231   0       0
16383   0       0       0       0       81      187     176     24683   40420   0       0
32767   0       0       0       0       33      58      403     56940   97995   0       0
65535   10727   0       11009   1       12      3       1249    121623  234665  0       0
131071  2566408 103388  2599918 112952  4       3       1850    207395  966438  0       0
262143  6074785 368747  6084886 444321  0       0       854     280308  290076  0       0
524287  944688  343197  977887  411996  1       0       415     183756  309380  0       0
1048575 648615  369429  697303  499756  0       0       266     167098  106220  0       0
2097151 807763  606709  759357  524980  0       0       318     209561  115527  0       0
4194303 379563  193104  424250  313658  5       0       910     87003   177348  0       0
8388607 436935  80318   592495  196449  5       0       2128    146942  194344  0       0
16777215        502272  147956  674273  633718  12      0       3956    272828  146297  0       0
33554431        343978  580318  1329920 335206  9       0       3858    380310  210438  0       0
67108863        430213  450934  17349   25371   14      0       2874    268651  411231  0       0
134217727       944424  218164  3017    1730    4       0       1759    144288  746065  0       0
268435455       57295   30918   306     10      20      0       769     24792   41642   0       0
536870911       17171   8793    26      1952    58      0       1484    6149    14738   0       0
1073741823      6847    126     8       2       68      0       686     82      5714    0       0
2147483647      319     0       2       0       0       0       0       0       297     0       0
4294967295      0       0       0       0       0       0       0       0       0       0       0
8589934591      0       0       0       0       0       0       0       0       0       0       0
17179869183     0       0       0       0       0       0       0       0       0       0       0
34359738367     0       0       0       0       0       0       0       0       0       0       0
68719476735     0       0       0       0       0       0       0       0       0       0       0
137438953471    0       0       0       0       0       0       0       0       0       0       0


mirror-1
1       0       0       0       0       0       0       0       0       0       0       0
3       0       0       0       0       0       0       0       0       0       0       0
7       0       0       0       0       0       0       0       0       0       0       0
15      0       0       0       0       0       0       0       0       0       0       0
31      0       0       0       0       0       0       0       0       0       0       0
63      0       0       0       0       0       0       0       0       0       0       0
127     0       0       0       0       0       0       0       0       0       0       0
255     0       0       0       0       0       2       0       0       0       10      0
511     0       0       0       0       167260  420467  70      866368  179712  14066   0
1023    0       0       0       0       310230  46583   929     1780122 103550  32060   0
2047    0       0       0       0       16381   3754    472     416281  3059    8525    0
4095    0       0       0       0       307     5352    50      111297  3720    291     0
8191    0       0       0       0       261     1349    3       108429  6015    44      0
16383   0       0       0       0       26      460     0       236827  11675   8       0
32767   5992    26768   7438    204884  4       238     2       609071  25000   2       0
65535   130740  2168892 139703  5111302 3       119     3       1094125 26093   10      0
131071  439063  2264209 462490  2216886 3       6       2       1267890 41080   15      0
262143  205105  2360428 311601  2467740 3       0       3       1526083 38382   244     0
524287  116220  1917928 244177  948971  0       0       0       1282471 25078   46523   0
1048575 59565   1279787 201037  210639  0       0       0       802040  18490   51914   0
2097151 29454   739251  26473   203256  0       0       0       427515  15395   177739  0
4194303 19116   241251  140     45264   0       0       0       172960  16931   809634  0
8388607 23425   411311  2598    101468  0       0       0       290708  19869   74523   0
16777215        26984   79850   78      31153   0       0       0       53176   26783   9196    0
33554431        73410   51541   16      27026   0       0       0       32948   78799   4561    0
67108863        89501   29424   9       11442   0       0       0       17998   83972   3962    0
134217727       147157  7683    5       1380    0       0       0       4802    146275  4796    0
268435455       22485   2284    0       326     0       0       0       1408    22347   251     0
536870911       7542    910     0       42      0       0       0       723     7520    6       0
1073741823      6       225     0       0       0       0       0       172     6       0       0
2147483647      0       29      0       0       0       0       0       24      0       0       0
4294967295      0       13      0       0       0       0       0       12      0       0       0
8589934591      0       0       0       0       0       0       0       0       0       0       0
17179869183     0       0       0       0       0       0       0       0       0       0       0
34359738367     0       0       0       0       0       0       0       0       0       0       0
68719476735     0       0       0       0       0       0       0       0       0       0       0
137438953471    0       0       0       0       0       0       0       0       0       0       0

ata-CT1000BX500SSD1_2216E6299C92-part1
1       0       0       0       0       0       0       0       0       0       0       0
3       0       0       0       0       0       0       0       0       0       0       0
7       0       0       0       0       0       0       0       0       0       0       0
15      0       0       0       0       0       0       0       0       0       0       0
31      0       0       0       0       0       0       0       0       0       0       0
63      0       0       0       0       0       0       0       0       0       0       0
127     0       0       0       0       0       0       0       0       0       0       0
255     0       0       0       0       0       1       0       0       0       0       0
511     0       0       0       0       104538  204002  33      324200  32560   1723    0
1023    0       0       0       0       181241  29320   459     972078  20021   17761   0
2047    0       0       0       0       8419    3685    227     259949  136     7740    0
4095    0       0       0       0       164     1363    26      72033   26      269     0
8191    0       0       0       0       154     349     0       62314   35      27      0
16383   0       0       0       0       13      242     0       132778  16      6       0
32767   84      7237    126     71027   2       119     1       323102  38      0       0
65535   1259    1087590 1248    2532472 1       78      2       565230  63      10      0
131071  233898  1224121 238917  1213699 3       6       0       667143  148     15      0
262143  89787   1268424 132724  1293868 3       0       3       783760  261     240     0
524287  20320   1011234 96840   491643  0       0       0       673275  445     43776   0
1048575 2962    693660  148917  124371  0       0       0       429259  764     47313   0
2097151 1672    258421  22161   34664   0       0       0       159225  1226    163780  0
4194303 2180    105027  104     27285   0       0       0       68304   2209    297358  0
8388607 4562    60358   420     17534   0       0       0       38499   3977    22085   0
16777215        5549    69499   78      29599   0       0       0       46659   5458    3702    0
33554431        46450   48956   16      25181   0       0       0       32083   52200   4489    0
67108863        69570   28305   9       10848   0       0       0       17723   64331   3912    0
134217727       136130  7618    5       1353    0       0       0       4791    135345  4787    0
268435455       19594   2283    0       325     0       0       0       1408    19490   251     0
536870911       7542    910     0       42      0       0       0       723     7520    6       0
1073741823      6       225     0       0       0       0       0       172     6       0       0
2147483647      0       29      0       0       0       0       0       24      0       0       0
4294967295      0       13      0       0       0       0       0       12      0       0       0
8589934591      0       0       0       0       0       0       0       0       0       0       0
17179869183     0       0       0       0       0       0       0       0       0       0       0
34359738367     0       0       0       0       0       0       0       0       0       0       0
68719476735     0       0       0       0       0       0       0       0       0       0       0
137438953471    0       0       0       0       0       0       0       0       0       0       0

ata-Samsung_SSD_870_EVO_1TB_S75CNX0Y903459M-part1
1       0       0       0       0       0       0       0       0       0       0       0
3       0       0       0       0       0       0       0       0       0       0       0
7       0       0       0       0       0       0       0       0       0       0       0
15      0       0       0       0       0       0       0       0       0       0       0
31      0       0       0       0       0       0       0       0       0       0       0
63      0       0       0       0       0       0       0       0       0       0       0
127     0       0       0       0       0       0       0       0       0       0       0
255     0       0       0       0       0       1       0       0       0       10      0
511     0       0       0       0       62722   216465  37      542168  147152  12343   0
1023    0       0       0       0       128989  17263   470     808044  83529   14299   0
2047    0       0       0       0       7962    69      245     156332  2923    785     0
4095    0       0       0       0       143     3989    24      39264   3694    22      0
8191    0       0       0       0       107     1000    3       46115   5980    17      0
16383   0       0       0       0       13      218     0       104049  11659   2       0
32767   5908    19531   7312    133857  2       119     1       285969  24962   2       0
65535   129481  1081302 138455  2578830 2       41      1       528895  26030   0       0
131071  205165  1040088 223573  1003187 0       0       2       600747  40932   0       0
262143  115318  1092004 178877  1173872 0       0       0       742323  38121   4       0
524287  95900   906694  147337  457328  0       0       0       609196  24633   2747    0
1048575 56603   586127  52120   86268   0       0       0       372781  17726   4601    0
2097151 27782   480830  4312    168592  0       0       0       268290  14169   13959   0
4194303 16936   136224  36      17979   0       0       0       104656  14722   512276  0
8388607 18863   350953  2178    83934   0       0       0       252209  15892   52438   0
16777215        21435   10351   0       1554    0       0       0       6517    21325   5494    0
33554431        26960   2585    0       1845    0       0       0       865     26599   72      0
67108863        19931   1119    0       594     0       0       0       275     19641   50      0
134217727       11027   65      0       27      0       0       0       11      10930   9       0
268435455       2891    1       0       1       0       0       0       0       2857    0       0
536870911       0       0       0       0       0       0       0       0       0       0       0
1073741823      0       0       0       0       0       0       0       0       0       0       0
2147483647      0       0       0       0       0       0       0       0       0       0       0
4294967295      0       0       0       0       0       0       0       0       0       0       0
8589934591      0       0       0       0       0       0       0       0       0       0       0
17179869183     0       0       0       0       0       0       0       0       0       0       0
34359738367     0       0       0       0       0       0       0       0       0       0       0
68719476735     0       0       0       0       0       0       0       0       0       0       0
137438953471    0       0       0       0       0       0       0       0       0       0       0


mirror-2
1       0       0       0       0       0       0       0       0       0       0       0
3       0       0       0       0       0       0       0       0       0       0       0
7       0       0       0       0       0       0       0       0       0       0       0
15      0       0       0       0       0       0       0       0       0       0       0
31      0       0       0       0       0       0       0       0       0       0       0
63      0       0       0       0       0       0       0       0       0       0       0
127     0       0       0       0       0       0       0       0       0       0       0
255     0       0       0       0       0       1       0       0       0       0       0
511     0       0       0       0       32      3243    0       0       0       526     0
1023    0       0       0       0       10      5588    0       0       0       1778    0
2047    0       0       0       0       0       161     0       0       0       105     0
4095    0       0       0       0       0       14      0       0       0       1       0
8191    0       0       0       0       0       3       0       0       0       0       0
16383   0       0       0       0       0       0       0       0       0       0       0
32767   0       402     0       525     0       2       0       0       0       0       0
65535   0       8407    0       8287    0       0       0       0       0       0       0
131071  0       83      0       80      0       0       0       0       0       0       0
262143  6       15      6       15      0       0       0       0       0       0       0
524287  3       39      3       39      0       0       0       0       0       1       0
1048575 4       3       4       3       0       0       0       0       0       0       0
2097151 9       28      9       28      0       0       0       0       0       514     0
4194303 7       1       7       1       0       0       0       0       0       657     0
8388607 13      34      13      34      0       0       0       0       0       22      0
16777215        0       0       0       0       0       0       0       0       0       502     0
33554431        0       0       0       0       0       0       0       0       0       579     0
67108863        0       0       0       0       0       0       0       0       0       95      0
134217727       0       0       0       0       0       0       0       0       0       20      0
268435455       0       0       0       0       0       0       0       0       0       2       0
536870911       0       0       0       0       0       0       0       0       0       0       0
1073741823      0       0       0       0       0       0       0       0       0       0       0
2147483647      0       0       0       0       0       0       0       0       0       0       0
4294967295      0       0       0       0       0       0       0       0       0       0       0
8589934591      0       0       0       0       0       0       0       0       0       0       0
17179869183     0       0       0       0       0       0       0       0       0       0       0
34359738367     0       0       0       0       0       0       0       0       0       0       0
68719476735     0       0       0       0       0       0       0       0       0       0       0
137438953471    0       0       0       0       0       0       0       0       0       0       0

ata-CT1000BX500SSD1_2216E6299C92-part2
1       0       0       0       0       0       0       0       0       0       0       0
3       0       0       0       0       0       0       0       0       0       0       0
7       0       0       0       0       0       0       0       0       0       0       0
15      0       0       0       0       0       0       0       0       0       0       0
31      0       0       0       0       0       0       0       0       0       0       0
63      0       0       0       0       0       0       0       0       0       0       0
127     0       0       0       0       0       0       0       0       0       0       0
255     0       0       0       0       0       1       0       0       0       0       0
511     0       0       0       0       16      450     0       0       0       353     0
1023    0       0       0       0       5       3883    0       0       0       827     0
2047    0       0       0       0       0       156     0       0       0       24      0
4095    0       0       0       0       0       12      0       0       0       1       0
8191    0       0       0       0       0       3       0       0       0       0       0
16383   0       0       0       0       0       0       0       0       0       0       0
32767   0       1       0       4       0       1       0       0       0       0       0
65535   0       4394    0       4394    0       0       0       0       0       0       0
131071  0       74      0       71      0       0       0       0       0       0       0
262143  3       8       3       8       0       0       0       0       0       0       0
524287  3       24      3       24      0       0       0       0       0       0       0
1048575 1       3       1       3       0       0       0       0       0       0       0
2097151 4       1       4       1       0       0       0       0       0       0       0
4194303 7       1       7       1       0       0       0       0       0       0       0
8388607 3       0       3       0       0       0       0       0       0       0       0
16777215        0       0       0       0       0       0       0       0       0       500     0
33554431        0       0       0       0       0       0       0       0       0       579     0
67108863        0       0       0       0       0       0       0       0       0       95      0
134217727       0       0       0       0       0       0       0       0       0       20      0
268435455       0       0       0       0       0       0       0       0       0       2       0
536870911       0       0       0       0       0       0       0       0       0       0       0
1073741823      0       0       0       0       0       0       0       0       0       0       0
2147483647      0       0       0       0       0       0       0       0       0       0       0
4294967295      0       0       0       0       0       0       0       0       0       0       0
8589934591      0       0       0       0       0       0       0       0       0       0       0
17179869183     0       0       0       0       0       0       0       0       0       0       0
34359738367     0       0       0       0       0       0       0       0       0       0       0
68719476735     0       0       0       0       0       0       0       0       0       0       0
137438953471    0       0       0       0       0       0       0       0       0       0       0

ata-Samsung_SSD_870_EVO_1TB_S75CNX0Y903459M-part2
1       0       0       0       0       0       0       0       0       0       0       0
3       0       0       0       0       0       0       0       0       0       0       0
7       0       0       0       0       0       0       0       0       0       0       0
15      0       0       0       0       0       0       0       0       0       0       0
31      0       0       0       0       0       0       0       0       0       0       0
63      0       0       0       0       0       0       0       0       0       0       0
127     0       0       0       0       0       0       0       0       0       0       0
255     0       0       0       0       0       0       0       0       0       0       0
511     0       0       0       0       16      2793    0       0       0       173     0
1023    0       0       0       0       5       1705    0       0       0       951     0
2047    0       0       0       0       0       5       0       0       0       81      0
4095    0       0       0       0       0       2       0       0       0       0       0
8191    0       0       0       0       0       0       0       0       0       0       0
16383   0       0       0       0       0       0       0       0       0       0       0
32767   0       401     0       521     0       1       0       0       0       0       0
65535   0       4013    0       3893    0       0       0       0       0       0       0
131071  0       9       0       9       0       0       0       0       0       0       0
262143  3       7       3       7       0       0       0       0       0       0       0
524287  0       15      0       15      0       0       0       0       0       1       0
1048575 3       0       3       0       0       0       0       0       0       0       0
2097151 5       27      5       27      0       0       0       0       0       514     0
4194303 0       0       0       0       0       0       0       0       0       657     0
8388607 10      34      10      34      0       0       0       0       0       22      0
16777215        0       0       0       0       0       0       0       0       0       2       0
33554431        0       0       0       0       0       0       0       0       0       0       0
67108863        0       0       0       0       0       0       0       0       0       0       0
134217727       0       0       0       0       0       0       0       0       0       0       0
268435455       0       0       0       0       0       0       0       0       0       0       0
536870911       0       0       0       0       0       0       0       0       0       0       0
1073741823      0       0       0       0       0       0       0       0       0       0       0
2147483647      0       0       0       0       0       0       0       0       0       0       0
4294967295      0       0       0       0       0       0       0       0       0       0       0
8589934591      0       0       0       0       0       0       0       0       0       0       0
17179869183     0       0       0       0       0       0       0       0       0       0       0
34359738367     0       0       0       0       0       0       0       0       0       0       0
68719476735     0       0       0       0       0       0       0       0       0       0       0
137438953471    0       0       0       0       0       0       0       0       0       0       0


ata-CT1000BX500SSD1_2216E6299C92-part3
1       0       0       0       0       0       0       0       0       0       0       0
3       0       0       0       0       0       0       0       0       0       0       0
7       0       0       0       0       0       0       0       0       0       0       0
15      0       0       0       0       0       0       0       0       0       0       0
31      0       0       0       0       0       0       0       0       0       0       0
63      0       0       0       0       0       0       0       0       0       0       0
127     0       0       0       0       0       0       0       0       0       0       0
255     0       0       0       0       0       0       0       0       0       0       0
511     0       0       0       0       324189  7       49295   225274  35408   0       0
1023    0       0       0       0       548375  0       90639   200518  25327   0       0
2047    0       0       0       0       88335   0       26545   97044   206     0       0
4095    0       0       0       0       4716    0       2323    27270   21      0       0
8191    0       0       0       0       762     0       237     823     29      0       0
16383   0       0       0       0       100     0       227     875     13      0       0
32767   2       25208   2       34026   14      0       358     5037    20      0       0
65535   37      148525  38      149176  12      0       765     25489   38      0       0
131071  500685  66659   503505  65677   28      0       1565    13327   113     0       0
262143  133253  38505   142977  45743   22      0       4254    35340   173     0       0
524287  364949  228730  394807  14332007        44      0       13053   145568  276     0       0
1048575 150973  216516  179166  674301  67      0       16617   179137  414     0       0
2097151 65582   366085  273915  92680   95      0       24782   325773  528     0       0
4194303 52556   608500  74098   141034  88      0       25820   583372  819     0       0
8388607 33032   1027835 1717    96580   66      0       19873   999196  994     0       0
16777215        19077   1503044 3648    184162  33      0       14164   1475191 1523    0       0
33554431        21706   2205518 12669   235896  230     0       18283   2171112 2371    0       0
67108863        41972   2655453 1628    43895   415     0       36963   2625999 4422    0       0
134217727       66825   2908830 474     1318    2448    0       56424   2889848 7289    0       0
268435455       49766   2216848 248     262     7330    0       27372   2200349 13921   0       0
536870911       57450   709031  12      24      9062    0       12536   705897  35827   0       0
1073741823      18846   820134  0       9       7455    0       7622    816369  3608    0       0
2147483647      10856   310343  0       12      2180    0       8388    307292  116     0       0
4294967295      1337    27049   0       0       277     0       1000    26796   0       0       0
8589934591      0       12715   0       0       0       0       0       12641   0       0       0
17179869183     0       1274    0       0       0       0       0       1258    0       0       0
34359738367     0       0       0       0       0       0       0       0       0       0       0
68719476735     0       0       0       0       0       0       0       0       0       0       0
137438953471    0       0       0       0       0       0       0       0       0       0       0

ata-Samsung_SSD_870_EVO_1TB_S75CNX0Y903459M-part3
1       0       0       0       0       0       0       0       0       0       0       0
3       0       0       0       0       0       0       0       0       0       0       0
7       0       0       0       0       0       0       0       0       0       0       0
15      0       0       0       0       0       0       0       0       0       0       0
31      0       0       0       0       0       0       0       0       0       0       0
63      0       0       0       0       0       0       0       0       0       0       0
127     0       0       0       0       0       0       0       0       0       0       0
255     0       0       0       0       0       0       0       0       0       0       0
511     0       0       0       0       405165  7       97859   183673  37785   0       0
1023    0       0       0       0       581491  0       168847  193591  24855   0       0
2047    0       0       0       0       92109   0       28538   98390   239     0       0
4095    0       0       0       0       4686    0       2694    27058   70      0       0
8191    0       0       0       0       799     0       696     576     144     0       0
16383   0       0       0       0       103     0       958     284     246     0       0
32767   0       25243   0       37237   10      0       1503    1751    438     0       0
65535   158361  126483  162506  121417  17      0       2579    2639    918     0       0
131071  579815  5651    586497  12843   14      0       4071    2141    1739    0       0
262143  42190   4253    77475   22361   22      0       7890    8014    2235    0       0
524287  381012  33046   414729  15256896        34      0       16399   17666   2970    0       0
1048575 169661  47171   303150  158625  65      0       20930   31332   4078    0       0
2097151 137199  132646  119436  99741   115     0       28302   87221   5066    0       0
4194303 49081   243169  15541   91271   56      0       22486   263558  5203    0       0
8388607 79932   1487891 50456   223980  49      0       20192   1341727 5160    0       0
16777215        16084   2166625 15      4198    52      0       8670    2122535 5882    0       0
33554431        19948   2902937 8       1675    295     0       11295   2861928 8138    0       0
67108863        38828   3318115 1       265     292     0       18225   3287400 20094   0       0
134217727       43310   3369852 0       35      654     0       17829   3349348 24367   0       0
268435455       11106   2117387 0       18      1101    0       5313    2100120 4527    0       0
536870911       3261    47912   0       0       678     0       1702    47454   849     0       0
1073741823      26      2181    0       0       1       0       5       2149    20      0       0
2147483647      0       0       0       0       0       0       0       0       0       0       0
4294967295      0       0       0       0       0       0       0       0       0       0       0
8589934591      0       0       0       0       0       0       0       0       0       0       0
17179869183     0       0       0       0       0       0       0       0       0       0       0
34359738367     0       0       0       0       0       0       0       0       0       0       0
68719476735     0       0       0       0       0       0       0       0       0       0       0
137438953471    0       0       0       0       0       0       0       0       0       0       0